0.000000000000000000e+00
2.000000000000000000e+00
5.000000000000000000e+00
8.000000000000000000e+00
1.000000000000000000e+01
2.300000000000000000e+01
2.900000000000000000e+01
3.100000000000000000e+01
3.300000000000000000e+01
3.700000000000000000e+01
4.300000000000000000e+01
6.100000000000000000e+01
6.200000000000000000e+01
6.400000000000000000e+01
6.500000000000000000e+01
7.400000000000000000e+01
7.900000000000000000e+01
8.700000000000000000e+01
8.800000000000000000e+01
8.900000000000000000e+01
9.200000000000000000e+01
9.900000000000000000e+01
1.020000000000000000e+02
1.030000000000000000e+02
1.150000000000000000e+02
1.160000000000000000e+02
1.230000000000000000e+02
1.270000000000000000e+02
1.300000000000000000e+02
1.340000000000000000e+02
1.350000000000000000e+02
1.430000000000000000e+02
1.460000000000000000e+02
1.520000000000000000e+02
1.530000000000000000e+02
1.590000000000000000e+02
1.630000000000000000e+02
1.710000000000000000e+02
1.720000000000000000e+02
1.760000000000000000e+02
1.810000000000000000e+02
1.840000000000000000e+02
1.920000000000000000e+02
2.060000000000000000e+02
2.100000000000000000e+02
2.110000000000000000e+02
2.150000000000000000e+02
2.160000000000000000e+02
2.210000000000000000e+02
2.220000000000000000e+02
2.250000000000000000e+02
2.320000000000000000e+02
2.350000000000000000e+02
2.550000000000000000e+02
2.570000000000000000e+02
2.730000000000000000e+02
2.770000000000000000e+02
2.860000000000000000e+02
2.870000000000000000e+02
2.910000000000000000e+02
2.980000000000000000e+02
3.040000000000000000e+02
3.050000000000000000e+02
3.140000000000000000e+02
3.150000000000000000e+02
3.180000000000000000e+02
3.200000000000000000e+02
3.210000000000000000e+02
3.220000000000000000e+02
3.290000000000000000e+02
3.390000000000000000e+02
3.410000000000000000e+02
3.470000000000000000e+02
3.510000000000000000e+02
3.520000000000000000e+02
3.620000000000000000e+02
3.660000000000000000e+02
3.670000000000000000e+02
3.690000000000000000e+02
3.740000000000000000e+02
3.760000000000000000e+02
3.790000000000000000e+02
3.830000000000000000e+02
3.850000000000000000e+02
3.940000000000000000e+02
3.960000000000000000e+02
3.990000000000000000e+02
4.020000000000000000e+02
4.030000000000000000e+02
4.080000000000000000e+02
4.110000000000000000e+02
4.140000000000000000e+02
4.160000000000000000e+02
4.190000000000000000e+02
4.220000000000000000e+02
4.300000000000000000e+02
4.320000000000000000e+02
4.340000000000000000e+02
4.370000000000000000e+02
4.480000000000000000e+02
4.490000000000000000e+02
4.540000000000000000e+02
4.630000000000000000e+02
4.640000000000000000e+02
4.720000000000000000e+02
4.740000000000000000e+02
4.760000000000000000e+02
4.780000000000000000e+02
4.910000000000000000e+02
4.950000000000000000e+02
5.000000000000000000e+02
5.040000000000000000e+02
5.060000000000000000e+02
5.120000000000000000e+02
5.130000000000000000e+02
5.160000000000000000e+02
5.210000000000000000e+02
5.270000000000000000e+02
5.280000000000000000e+02
5.300000000000000000e+02
5.350000000000000000e+02
5.410000000000000000e+02
5.480000000000000000e+02
5.490000000000000000e+02
5.500000000000000000e+02
5.520000000000000000e+02
5.530000000000000000e+02
5.540000000000000000e+02
5.580000000000000000e+02
5.630000000000000000e+02
5.640000000000000000e+02
5.660000000000000000e+02
5.690000000000000000e+02
5.720000000000000000e+02
5.730000000000000000e+02
5.740000000000000000e+02
5.750000000000000000e+02
5.760000000000000000e+02
5.800000000000000000e+02
5.840000000000000000e+02
5.860000000000000000e+02
5.870000000000000000e+02
5.950000000000000000e+02
5.960000000000000000e+02
5.970000000000000000e+02
6.000000000000000000e+02
6.030000000000000000e+02
6.160000000000000000e+02
6.180000000000000000e+02
6.190000000000000000e+02
6.200000000000000000e+02
6.270000000000000000e+02
6.340000000000000000e+02
6.390000000000000000e+02
6.430000000000000000e+02
6.460000000000000000e+02
6.480000000000000000e+02
6.560000000000000000e+02
6.630000000000000000e+02
6.640000000000000000e+02
6.690000000000000000e+02
6.730000000000000000e+02
6.900000000000000000e+02
6.950000000000000000e+02
7.200000000000000000e+02
7.240000000000000000e+02
7.330000000000000000e+02
7.360000000000000000e+02
7.420000000000000000e+02
7.430000000000000000e+02
7.560000000000000000e+02
7.610000000000000000e+02
7.640000000000000000e+02
7.820000000000000000e+02
7.840000000000000000e+02
7.870000000000000000e+02
7.910000000000000000e+02
7.940000000000000000e+02
7.980000000000000000e+02
8.000000000000000000e+02
8.060000000000000000e+02
8.090000000000000000e+02
8.120000000000000000e+02
8.190000000000000000e+02
8.200000000000000000e+02
8.210000000000000000e+02
8.240000000000000000e+02
8.260000000000000000e+02
8.270000000000000000e+02
8.350000000000000000e+02
8.360000000000000000e+02
8.400000000000000000e+02
8.420000000000000000e+02
8.440000000000000000e+02
8.450000000000000000e+02
8.540000000000000000e+02
8.550000000000000000e+02
8.570000000000000000e+02
8.600000000000000000e+02
8.610000000000000000e+02
8.650000000000000000e+02
8.660000000000000000e+02
8.690000000000000000e+02
8.700000000000000000e+02
8.710000000000000000e+02
8.750000000000000000e+02
8.830000000000000000e+02
8.840000000000000000e+02
8.860000000000000000e+02
8.880000000000000000e+02
8.940000000000000000e+02
8.970000000000000000e+02
9.020000000000000000e+02
9.030000000000000000e+02
9.040000000000000000e+02
9.140000000000000000e+02
9.150000000000000000e+02
9.200000000000000000e+02
9.270000000000000000e+02
9.280000000000000000e+02
9.340000000000000000e+02
9.360000000000000000e+02
9.370000000000000000e+02
9.400000000000000000e+02
9.480000000000000000e+02
9.500000000000000000e+02
9.510000000000000000e+02
9.600000000000000000e+02
9.620000000000000000e+02
9.670000000000000000e+02
9.790000000000000000e+02
9.830000000000000000e+02
9.910000000000000000e+02
9.940000000000000000e+02
1.000000000000000000e+03
1.001000000000000000e+03
1.003000000000000000e+03
1.005000000000000000e+03
1.007000000000000000e+03
1.008000000000000000e+03
1.012000000000000000e+03
1.014000000000000000e+03
1.017000000000000000e+03
1.022000000000000000e+03
1.033000000000000000e+03
1.035000000000000000e+03
1.037000000000000000e+03
1.040000000000000000e+03
1.041000000000000000e+03
1.046000000000000000e+03
1.055000000000000000e+03
1.058000000000000000e+03
1.061000000000000000e+03
1.068000000000000000e+03
1.069000000000000000e+03
1.073000000000000000e+03
1.084000000000000000e+03
1.085000000000000000e+03
1.091000000000000000e+03
1.094000000000000000e+03
1.099000000000000000e+03
1.100000000000000000e+03
1.102000000000000000e+03
1.113000000000000000e+03
1.116000000000000000e+03
1.118000000000000000e+03
1.119000000000000000e+03
1.121000000000000000e+03
1.123000000000000000e+03
1.127000000000000000e+03
1.137000000000000000e+03
1.138000000000000000e+03
1.141000000000000000e+03
1.143000000000000000e+03
1.150000000000000000e+03
1.156000000000000000e+03
1.158000000000000000e+03
1.161000000000000000e+03
1.162000000000000000e+03
1.163000000000000000e+03
1.165000000000000000e+03
1.174000000000000000e+03
1.175000000000000000e+03
1.176000000000000000e+03
1.177000000000000000e+03
1.182000000000000000e+03
1.185000000000000000e+03
1.188000000000000000e+03
1.192000000000000000e+03
1.196000000000000000e+03
1.198000000000000000e+03
1.204000000000000000e+03
1.214000000000000000e+03
1.230000000000000000e+03
1.236000000000000000e+03
1.238000000000000000e+03
1.239000000000000000e+03
1.240000000000000000e+03
1.243000000000000000e+03
1.252000000000000000e+03
1.263000000000000000e+03
1.266000000000000000e+03
1.273000000000000000e+03
1.277000000000000000e+03
1.280000000000000000e+03
1.281000000000000000e+03
1.287000000000000000e+03
1.291000000000000000e+03
1.311000000000000000e+03
1.313000000000000000e+03
1.315000000000000000e+03
1.316000000000000000e+03
1.317000000000000000e+03
1.319000000000000000e+03
1.325000000000000000e+03
1.328000000000000000e+03
1.334000000000000000e+03
1.348000000000000000e+03
1.349000000000000000e+03
1.351000000000000000e+03
1.352000000000000000e+03
1.353000000000000000e+03
1.356000000000000000e+03
1.357000000000000000e+03
1.369000000000000000e+03
1.371000000000000000e+03
1.377000000000000000e+03
1.381000000000000000e+03
1.383000000000000000e+03
1.385000000000000000e+03
1.387000000000000000e+03
1.388000000000000000e+03
1.398000000000000000e+03
1.399000000000000000e+03
1.407000000000000000e+03
1.408000000000000000e+03
1.416000000000000000e+03
1.430000000000000000e+03
1.443000000000000000e+03
1.450000000000000000e+03
1.458000000000000000e+03
1.464000000000000000e+03
1.465000000000000000e+03
1.466000000000000000e+03
1.476000000000000000e+03
1.479000000000000000e+03
1.482000000000000000e+03
1.489000000000000000e+03
1.492000000000000000e+03
1.494000000000000000e+03
1.496000000000000000e+03
1.500000000000000000e+03
1.507000000000000000e+03
1.511000000000000000e+03
1.512000000000000000e+03
1.518000000000000000e+03
1.519000000000000000e+03
1.521000000000000000e+03
1.524000000000000000e+03
1.527000000000000000e+03
1.530000000000000000e+03
1.531000000000000000e+03
1.538000000000000000e+03
1.539000000000000000e+03
1.541000000000000000e+03
1.543000000000000000e+03
1.549000000000000000e+03
1.551000000000000000e+03
1.554000000000000000e+03
1.557000000000000000e+03
1.560000000000000000e+03
1.566000000000000000e+03
1.571000000000000000e+03
1.574000000000000000e+03
1.580000000000000000e+03
1.582000000000000000e+03
1.585000000000000000e+03
1.587000000000000000e+03
1.597000000000000000e+03
1.598000000000000000e+03
1.602000000000000000e+03
1.603000000000000000e+03
1.605000000000000000e+03
1.609000000000000000e+03
1.610000000000000000e+03
1.615000000000000000e+03
1.622000000000000000e+03
1.626000000000000000e+03
1.631000000000000000e+03
1.636000000000000000e+03
1.642000000000000000e+03
1.643000000000000000e+03
1.648000000000000000e+03
1.654000000000000000e+03
1.656000000000000000e+03
1.670000000000000000e+03
1.673000000000000000e+03
1.676000000000000000e+03
1.682000000000000000e+03
1.684000000000000000e+03
1.686000000000000000e+03
1.689000000000000000e+03
1.690000000000000000e+03
1.692000000000000000e+03
1.701000000000000000e+03
1.704000000000000000e+03
1.710000000000000000e+03
1.711000000000000000e+03
1.712000000000000000e+03
1.714000000000000000e+03
1.717000000000000000e+03
1.727000000000000000e+03
1.728000000000000000e+03
1.734000000000000000e+03
1.739000000000000000e+03
1.740000000000000000e+03
1.754000000000000000e+03
1.762000000000000000e+03
1.763000000000000000e+03
1.768000000000000000e+03
1.769000000000000000e+03
1.772000000000000000e+03
1.778000000000000000e+03
1.785000000000000000e+03
1.790000000000000000e+03
1.791000000000000000e+03
1.792000000000000000e+03
1.794000000000000000e+03
1.798000000000000000e+03
1.801000000000000000e+03
1.803000000000000000e+03
1.805000000000000000e+03
1.809000000000000000e+03
1.815000000000000000e+03
1.817000000000000000e+03
1.820000000000000000e+03
1.821000000000000000e+03
1.827000000000000000e+03
1.836000000000000000e+03
1.841000000000000000e+03
1.844000000000000000e+03
1.851000000000000000e+03
1.854000000000000000e+03
1.855000000000000000e+03
1.865000000000000000e+03
1.868000000000000000e+03
1.869000000000000000e+03
1.873000000000000000e+03
1.883000000000000000e+03
1.889000000000000000e+03
1.894000000000000000e+03
1.896000000000000000e+03
1.899000000000000000e+03
1.906000000000000000e+03
1.912000000000000000e+03
1.914000000000000000e+03
1.917000000000000000e+03
1.929000000000000000e+03
1.930000000000000000e+03
1.932000000000000000e+03
1.939000000000000000e+03
1.946000000000000000e+03
1.984000000000000000e+03
1.989000000000000000e+03
1.993000000000000000e+03
1.997000000000000000e+03
2.005000000000000000e+03
2.007000000000000000e+03
2.018000000000000000e+03
2.020000000000000000e+03
2.026000000000000000e+03
2.030000000000000000e+03
2.034000000000000000e+03
2.035000000000000000e+03
2.036000000000000000e+03
2.043000000000000000e+03
2.045000000000000000e+03
2.051000000000000000e+03
2.052000000000000000e+03
2.057000000000000000e+03
2.059000000000000000e+03
2.069000000000000000e+03
2.075000000000000000e+03
2.081000000000000000e+03
2.090000000000000000e+03
2.092000000000000000e+03
2.093000000000000000e+03
2.098000000000000000e+03
2.099000000000000000e+03
2.103000000000000000e+03
2.106000000000000000e+03
2.107000000000000000e+03
2.117000000000000000e+03
2.119000000000000000e+03
2.125000000000000000e+03
2.127000000000000000e+03
2.152000000000000000e+03
2.156000000000000000e+03
2.167000000000000000e+03
2.168000000000000000e+03
2.170000000000000000e+03
2.172000000000000000e+03
2.173000000000000000e+03
2.181000000000000000e+03
2.184000000000000000e+03
2.186000000000000000e+03
2.187000000000000000e+03
2.191000000000000000e+03
2.192000000000000000e+03
2.194000000000000000e+03
2.200000000000000000e+03
2.204000000000000000e+03
2.207000000000000000e+03
2.209000000000000000e+03
2.213000000000000000e+03
2.215000000000000000e+03
2.218000000000000000e+03
2.224000000000000000e+03
2.226000000000000000e+03
2.227000000000000000e+03
2.237000000000000000e+03
2.239000000000000000e+03
2.245000000000000000e+03
2.250000000000000000e+03
2.261000000000000000e+03
2.269000000000000000e+03
2.273000000000000000e+03
2.279000000000000000e+03
2.282000000000000000e+03
2.284000000000000000e+03
2.288000000000000000e+03
2.299000000000000000e+03
2.300000000000000000e+03
2.302000000000000000e+03
2.308000000000000000e+03
2.312000000000000000e+03
2.318000000000000000e+03
2.319000000000000000e+03
2.322000000000000000e+03
2.323000000000000000e+03
2.327000000000000000e+03
2.328000000000000000e+03
2.340000000000000000e+03
2.341000000000000000e+03
2.342000000000000000e+03
2.343000000000000000e+03
2.344000000000000000e+03
2.345000000000000000e+03
2.351000000000000000e+03
2.358000000000000000e+03
2.361000000000000000e+03
2.365000000000000000e+03
2.369000000000000000e+03
2.370000000000000000e+03
2.377000000000000000e+03
2.379000000000000000e+03
2.382000000000000000e+03
2.383000000000000000e+03
2.384000000000000000e+03
2.387000000000000000e+03
2.392000000000000000e+03
2.393000000000000000e+03
2.402000000000000000e+03
2.420000000000000000e+03
2.423000000000000000e+03
2.424000000000000000e+03
2.425000000000000000e+03
2.431000000000000000e+03
2.433000000000000000e+03
2.438000000000000000e+03
2.450000000000000000e+03
2.455000000000000000e+03
2.463000000000000000e+03
2.468000000000000000e+03
2.478000000000000000e+03
2.482000000000000000e+03
2.484000000000000000e+03
2.487000000000000000e+03
2.490000000000000000e+03
2.496000000000000000e+03
2.498000000000000000e+03
2.509000000000000000e+03
2.513000000000000000e+03
2.524000000000000000e+03
2.534000000000000000e+03
2.535000000000000000e+03
2.540000000000000000e+03
2.542000000000000000e+03
2.548000000000000000e+03
2.552000000000000000e+03
2.555000000000000000e+03
2.556000000000000000e+03
2.560000000000000000e+03
2.564000000000000000e+03
2.569000000000000000e+03
2.573000000000000000e+03
2.574000000000000000e+03
2.575000000000000000e+03
2.583000000000000000e+03
2.587000000000000000e+03
2.593000000000000000e+03
2.597000000000000000e+03
2.606000000000000000e+03
2.610000000000000000e+03
2.614000000000000000e+03
2.615000000000000000e+03
2.619000000000000000e+03
2.620000000000000000e+03
2.623000000000000000e+03
2.635000000000000000e+03
2.636000000000000000e+03
2.640000000000000000e+03
2.641000000000000000e+03
2.644000000000000000e+03
2.646000000000000000e+03
2.653000000000000000e+03
2.659000000000000000e+03
2.660000000000000000e+03
2.670000000000000000e+03
2.679000000000000000e+03
2.681000000000000000e+03
2.682000000000000000e+03
2.685000000000000000e+03
2.687000000000000000e+03
2.693000000000000000e+03
2.695000000000000000e+03
2.702000000000000000e+03
2.712000000000000000e+03
2.713000000000000000e+03
2.718000000000000000e+03
2.720000000000000000e+03
2.726000000000000000e+03
2.728000000000000000e+03
2.733000000000000000e+03
2.748000000000000000e+03
2.750000000000000000e+03
2.759000000000000000e+03
2.765000000000000000e+03
2.769000000000000000e+03
2.772000000000000000e+03
2.776000000000000000e+03
2.789000000000000000e+03
2.792000000000000000e+03
2.798000000000000000e+03
2.799000000000000000e+03
2.804000000000000000e+03
2.807000000000000000e+03
2.808000000000000000e+03
2.809000000000000000e+03
2.815000000000000000e+03
2.820000000000000000e+03
2.824000000000000000e+03
2.826000000000000000e+03
2.827000000000000000e+03
2.833000000000000000e+03
2.835000000000000000e+03
2.837000000000000000e+03
2.843000000000000000e+03
2.845000000000000000e+03
2.847000000000000000e+03
2.852000000000000000e+03
2.853000000000000000e+03
2.858000000000000000e+03
2.863000000000000000e+03
2.866000000000000000e+03
2.869000000000000000e+03
2.870000000000000000e+03
2.877000000000000000e+03
2.878000000000000000e+03
2.886000000000000000e+03
2.891000000000000000e+03
2.893000000000000000e+03
2.894000000000000000e+03
2.895000000000000000e+03
2.898000000000000000e+03
2.901000000000000000e+03
2.910000000000000000e+03
2.919000000000000000e+03
2.920000000000000000e+03
2.926000000000000000e+03
2.930000000000000000e+03
2.931000000000000000e+03
2.934000000000000000e+03
2.935000000000000000e+03
2.941000000000000000e+03
2.942000000000000000e+03
2.949000000000000000e+03
2.952000000000000000e+03
2.955000000000000000e+03
2.957000000000000000e+03
2.958000000000000000e+03
2.962000000000000000e+03
2.963000000000000000e+03
2.966000000000000000e+03
2.976000000000000000e+03
2.977000000000000000e+03
2.978000000000000000e+03
2.982000000000000000e+03
2.983000000000000000e+03
2.996000000000000000e+03
2.998000000000000000e+03
3.000000000000000000e+03
3.007000000000000000e+03
3.009000000000000000e+03
3.010000000000000000e+03
3.011000000000000000e+03
3.012000000000000000e+03
3.013000000000000000e+03
3.018000000000000000e+03
3.019000000000000000e+03
3.031000000000000000e+03
3.037000000000000000e+03
3.039000000000000000e+03
3.040000000000000000e+03
3.043000000000000000e+03
3.050000000000000000e+03
3.061000000000000000e+03
3.070000000000000000e+03
3.074000000000000000e+03
3.076000000000000000e+03
3.078000000000000000e+03
3.080000000000000000e+03
3.081000000000000000e+03
3.084000000000000000e+03
3.086000000000000000e+03
3.087000000000000000e+03
3.091000000000000000e+03
3.094000000000000000e+03
3.095000000000000000e+03
3.097000000000000000e+03
3.098000000000000000e+03
3.099000000000000000e+03
3.101000000000000000e+03
3.102000000000000000e+03
3.106000000000000000e+03
3.113000000000000000e+03
3.118000000000000000e+03
3.124000000000000000e+03
3.132000000000000000e+03
3.142000000000000000e+03
3.144000000000000000e+03
3.147000000000000000e+03
3.151000000000000000e+03
3.164000000000000000e+03
3.169000000000000000e+03
3.184000000000000000e+03
3.195000000000000000e+03
3.206000000000000000e+03
3.208000000000000000e+03
3.209000000000000000e+03
3.210000000000000000e+03
3.213000000000000000e+03
3.217000000000000000e+03
3.218000000000000000e+03
3.221000000000000000e+03
3.222000000000000000e+03
3.223000000000000000e+03
3.224000000000000000e+03
3.229000000000000000e+03
3.233000000000000000e+03
3.234000000000000000e+03
3.235000000000000000e+03
3.239000000000000000e+03
3.248000000000000000e+03
3.252000000000000000e+03
3.253000000000000000e+03
3.262000000000000000e+03
3.263000000000000000e+03
3.264000000000000000e+03
3.265000000000000000e+03
3.266000000000000000e+03
3.279000000000000000e+03
3.284000000000000000e+03
3.285000000000000000e+03
3.286000000000000000e+03
3.304000000000000000e+03
3.305000000000000000e+03
3.306000000000000000e+03
3.307000000000000000e+03
3.308000000000000000e+03
3.319000000000000000e+03
3.327000000000000000e+03
3.332000000000000000e+03
3.340000000000000000e+03
3.344000000000000000e+03
3.348000000000000000e+03
3.351000000000000000e+03
3.362000000000000000e+03
3.365000000000000000e+03
3.369000000000000000e+03
3.374000000000000000e+03
3.379000000000000000e+03
3.382000000000000000e+03
3.388000000000000000e+03
3.390000000000000000e+03
3.391000000000000000e+03
3.395000000000000000e+03
3.397000000000000000e+03
3.405000000000000000e+03
3.408000000000000000e+03
3.410000000000000000e+03
3.411000000000000000e+03
3.416000000000000000e+03
3.417000000000000000e+03
3.419000000000000000e+03
3.420000000000000000e+03
3.423000000000000000e+03
3.426000000000000000e+03
3.430000000000000000e+03
3.434000000000000000e+03
3.437000000000000000e+03
3.438000000000000000e+03
3.439000000000000000e+03
3.441000000000000000e+03
3.443000000000000000e+03
3.457000000000000000e+03
3.464000000000000000e+03
3.468000000000000000e+03
3.469000000000000000e+03
3.474000000000000000e+03
3.480000000000000000e+03
3.481000000000000000e+03
3.491000000000000000e+03
3.493000000000000000e+03
3.494000000000000000e+03
3.496000000000000000e+03
3.497000000000000000e+03
3.498000000000000000e+03
3.506000000000000000e+03
3.507000000000000000e+03
3.508000000000000000e+03
3.512000000000000000e+03
3.519000000000000000e+03
3.523000000000000000e+03
3.533000000000000000e+03
3.534000000000000000e+03
3.535000000000000000e+03
3.543000000000000000e+03
3.545000000000000000e+03
3.551000000000000000e+03
3.552000000000000000e+03
3.554000000000000000e+03
3.556000000000000000e+03
3.559000000000000000e+03
3.562000000000000000e+03
3.566000000000000000e+03
3.567000000000000000e+03
3.570000000000000000e+03
3.577000000000000000e+03
3.582000000000000000e+03
3.590000000000000000e+03
3.602000000000000000e+03
3.603000000000000000e+03
3.615000000000000000e+03
3.616000000000000000e+03
3.617000000000000000e+03
3.618000000000000000e+03
3.625000000000000000e+03
3.626000000000000000e+03
3.635000000000000000e+03
3.636000000000000000e+03
3.638000000000000000e+03
3.640000000000000000e+03
3.641000000000000000e+03
3.642000000000000000e+03
3.645000000000000000e+03
3.657000000000000000e+03
3.659000000000000000e+03
3.662000000000000000e+03
3.664000000000000000e+03
3.666000000000000000e+03
3.673000000000000000e+03
3.687000000000000000e+03
3.688000000000000000e+03
3.690000000000000000e+03
3.694000000000000000e+03
3.703000000000000000e+03
3.704000000000000000e+03
3.707000000000000000e+03
3.709000000000000000e+03
3.710000000000000000e+03
3.718000000000000000e+03
3.722000000000000000e+03
3.735000000000000000e+03
3.736000000000000000e+03
3.746000000000000000e+03
3.760000000000000000e+03
3.761000000000000000e+03
3.765000000000000000e+03
3.766000000000000000e+03
3.767000000000000000e+03
3.778000000000000000e+03
3.791000000000000000e+03
3.799000000000000000e+03
3.810000000000000000e+03
3.814000000000000000e+03
3.816000000000000000e+03
3.819000000000000000e+03
3.823000000000000000e+03
3.824000000000000000e+03
3.829000000000000000e+03
3.834000000000000000e+03
3.843000000000000000e+03
3.850000000000000000e+03
3.854000000000000000e+03
3.858000000000000000e+03
3.859000000000000000e+03
3.860000000000000000e+03
3.866000000000000000e+03
3.869000000000000000e+03
3.871000000000000000e+03
3.874000000000000000e+03
3.876000000000000000e+03
3.879000000000000000e+03
3.880000000000000000e+03
3.883000000000000000e+03
3.885000000000000000e+03
3.886000000000000000e+03
3.892000000000000000e+03
3.897000000000000000e+03
3.899000000000000000e+03
3.900000000000000000e+03
3.904000000000000000e+03
3.907000000000000000e+03
3.921000000000000000e+03
3.922000000000000000e+03
3.930000000000000000e+03
3.934000000000000000e+03
3.946000000000000000e+03
3.947000000000000000e+03
3.951000000000000000e+03
3.953000000000000000e+03
3.959000000000000000e+03
3.977000000000000000e+03
3.984000000000000000e+03
3.985000000000000000e+03
3.989000000000000000e+03
3.996000000000000000e+03
4.004000000000000000e+03
4.006000000000000000e+03
4.013000000000000000e+03
4.018000000000000000e+03
4.026000000000000000e+03
4.029000000000000000e+03
4.035000000000000000e+03
4.036000000000000000e+03
4.046000000000000000e+03
4.050000000000000000e+03
4.051000000000000000e+03
4.053000000000000000e+03
4.058000000000000000e+03
4.062000000000000000e+03
4.065000000000000000e+03
4.069000000000000000e+03
4.070000000000000000e+03
4.077000000000000000e+03
4.085000000000000000e+03
4.086000000000000000e+03
4.089000000000000000e+03
4.110000000000000000e+03
4.111000000000000000e+03
4.117000000000000000e+03
4.120000000000000000e+03
4.131000000000000000e+03
4.135000000000000000e+03
4.139000000000000000e+03
4.141000000000000000e+03
4.151000000000000000e+03
4.152000000000000000e+03
4.159000000000000000e+03
4.175000000000000000e+03
4.176000000000000000e+03
4.177000000000000000e+03
4.180000000000000000e+03
4.185000000000000000e+03
4.195000000000000000e+03
4.197000000000000000e+03
4.199000000000000000e+03
4.200000000000000000e+03
4.204000000000000000e+03
4.209000000000000000e+03
4.215000000000000000e+03
4.220000000000000000e+03
4.223000000000000000e+03
4.238000000000000000e+03
4.240000000000000000e+03
4.244000000000000000e+03
4.247000000000000000e+03
4.249000000000000000e+03
4.252000000000000000e+03
4.254000000000000000e+03
4.265000000000000000e+03
4.271000000000000000e+03
4.273000000000000000e+03
4.275000000000000000e+03
4.278000000000000000e+03
4.281000000000000000e+03
4.282000000000000000e+03
4.284000000000000000e+03
4.288000000000000000e+03
4.291000000000000000e+03
4.300000000000000000e+03
4.304000000000000000e+03
4.312000000000000000e+03
4.318000000000000000e+03
4.324000000000000000e+03
4.328000000000000000e+03
4.332000000000000000e+03
4.333000000000000000e+03
4.336000000000000000e+03
4.341000000000000000e+03
4.346000000000000000e+03
4.349000000000000000e+03
4.350000000000000000e+03
4.351000000000000000e+03
4.352000000000000000e+03
4.355000000000000000e+03
4.357000000000000000e+03
4.359000000000000000e+03
4.366000000000000000e+03
4.379000000000000000e+03
4.380000000000000000e+03
4.406000000000000000e+03
4.417000000000000000e+03
4.426000000000000000e+03
4.430000000000000000e+03
4.439000000000000000e+03
4.448000000000000000e+03
4.452000000000000000e+03
4.457000000000000000e+03
4.460000000000000000e+03
4.464000000000000000e+03
4.469000000000000000e+03
4.479000000000000000e+03
4.480000000000000000e+03
4.486000000000000000e+03
4.490000000000000000e+03
4.494000000000000000e+03
4.495000000000000000e+03
4.500000000000000000e+03
4.505000000000000000e+03
4.510000000000000000e+03
4.523000000000000000e+03
4.524000000000000000e+03
4.525000000000000000e+03
4.526000000000000000e+03
4.530000000000000000e+03
4.533000000000000000e+03
4.539000000000000000e+03
4.546000000000000000e+03
4.549000000000000000e+03
4.558000000000000000e+03
4.559000000000000000e+03
4.565000000000000000e+03
4.574000000000000000e+03
4.576000000000000000e+03
4.586000000000000000e+03
4.587000000000000000e+03
4.589000000000000000e+03
4.596000000000000000e+03
4.601000000000000000e+03
4.603000000000000000e+03
4.605000000000000000e+03
4.622000000000000000e+03
4.629000000000000000e+03
4.633000000000000000e+03
4.638000000000000000e+03
4.639000000000000000e+03
4.642000000000000000e+03
4.643000000000000000e+03
4.649000000000000000e+03
4.659000000000000000e+03
4.660000000000000000e+03
4.661000000000000000e+03
4.662000000000000000e+03
4.670000000000000000e+03
4.676000000000000000e+03
4.678000000000000000e+03
4.679000000000000000e+03
4.682000000000000000e+03
4.684000000000000000e+03
4.685000000000000000e+03
4.692000000000000000e+03
4.698000000000000000e+03
4.699000000000000000e+03
4.704000000000000000e+03
4.706000000000000000e+03
4.710000000000000000e+03
4.713000000000000000e+03
4.719000000000000000e+03
4.724000000000000000e+03
4.726000000000000000e+03
4.728000000000000000e+03
4.738000000000000000e+03
4.748000000000000000e+03
4.749000000000000000e+03
4.755000000000000000e+03
4.756000000000000000e+03
4.761000000000000000e+03
4.763000000000000000e+03
4.764000000000000000e+03
4.768000000000000000e+03
4.769000000000000000e+03
4.774000000000000000e+03
4.784000000000000000e+03
4.786000000000000000e+03
4.787000000000000000e+03
4.791000000000000000e+03
4.792000000000000000e+03
4.795000000000000000e+03
4.807000000000000000e+03
4.808000000000000000e+03
4.813000000000000000e+03
4.819000000000000000e+03
4.820000000000000000e+03
4.823000000000000000e+03
4.827000000000000000e+03
4.831000000000000000e+03
4.832000000000000000e+03
4.836000000000000000e+03
4.839000000000000000e+03
4.840000000000000000e+03
4.843000000000000000e+03
4.850000000000000000e+03
4.852000000000000000e+03
4.853000000000000000e+03
4.856000000000000000e+03
4.861000000000000000e+03
4.862000000000000000e+03
4.865000000000000000e+03
4.874000000000000000e+03
4.885000000000000000e+03
4.886000000000000000e+03
4.888000000000000000e+03
4.889000000000000000e+03
4.891000000000000000e+03
4.893000000000000000e+03
4.895000000000000000e+03
4.905000000000000000e+03
4.907000000000000000e+03
4.912000000000000000e+03
4.929000000000000000e+03
4.930000000000000000e+03
4.935000000000000000e+03
4.936000000000000000e+03
4.937000000000000000e+03
4.940000000000000000e+03
4.942000000000000000e+03
4.943000000000000000e+03
4.945000000000000000e+03
4.955000000000000000e+03
4.957000000000000000e+03
4.970000000000000000e+03
4.972000000000000000e+03
4.974000000000000000e+03
4.978000000000000000e+03
4.994000000000000000e+03
4.996000000000000000e+03
4.997000000000000000e+03
5.007000000000000000e+03
5.012000000000000000e+03
5.020000000000000000e+03
5.024000000000000000e+03
5.026000000000000000e+03
5.031000000000000000e+03
5.032000000000000000e+03
5.035000000000000000e+03
5.038000000000000000e+03
5.039000000000000000e+03
5.040000000000000000e+03
5.050000000000000000e+03
5.051000000000000000e+03
5.054000000000000000e+03
5.068000000000000000e+03
5.072000000000000000e+03
5.074000000000000000e+03
5.077000000000000000e+03
5.080000000000000000e+03
5.083000000000000000e+03
5.085000000000000000e+03
5.086000000000000000e+03
5.092000000000000000e+03
5.094000000000000000e+03
5.095000000000000000e+03
5.099000000000000000e+03
5.102000000000000000e+03
5.105000000000000000e+03
5.106000000000000000e+03
5.118000000000000000e+03
5.133000000000000000e+03
5.137000000000000000e+03
5.138000000000000000e+03
5.139000000000000000e+03
5.147000000000000000e+03
5.149000000000000000e+03
5.159000000000000000e+03
5.160000000000000000e+03
5.165000000000000000e+03
5.166000000000000000e+03
5.168000000000000000e+03
5.173000000000000000e+03
5.183000000000000000e+03
5.188000000000000000e+03
5.195000000000000000e+03
5.200000000000000000e+03
5.201000000000000000e+03
5.209000000000000000e+03
5.210000000000000000e+03
5.218000000000000000e+03
5.226000000000000000e+03
5.232000000000000000e+03
5.237000000000000000e+03
5.238000000000000000e+03
5.242000000000000000e+03
5.253000000000000000e+03
5.254000000000000000e+03
5.255000000000000000e+03
5.257000000000000000e+03
5.258000000000000000e+03
5.259000000000000000e+03
5.265000000000000000e+03
5.268000000000000000e+03
5.275000000000000000e+03
5.276000000000000000e+03
5.278000000000000000e+03
5.282000000000000000e+03
5.283000000000000000e+03
5.284000000000000000e+03
5.285000000000000000e+03
5.289000000000000000e+03
5.300000000000000000e+03
5.305000000000000000e+03
5.307000000000000000e+03
5.308000000000000000e+03
5.312000000000000000e+03
5.322000000000000000e+03
5.324000000000000000e+03
5.328000000000000000e+03
5.330000000000000000e+03
5.331000000000000000e+03
5.345000000000000000e+03
5.350000000000000000e+03
5.359000000000000000e+03
5.361000000000000000e+03
5.363000000000000000e+03
5.369000000000000000e+03
5.377000000000000000e+03
5.381000000000000000e+03
5.383000000000000000e+03
5.402000000000000000e+03
5.406000000000000000e+03
5.409000000000000000e+03
5.412000000000000000e+03
5.416000000000000000e+03
5.420000000000000000e+03
5.424000000000000000e+03
5.426000000000000000e+03
5.433000000000000000e+03
5.438000000000000000e+03
5.442000000000000000e+03
5.444000000000000000e+03
5.447000000000000000e+03
5.450000000000000000e+03
5.465000000000000000e+03
5.469000000000000000e+03
5.470000000000000000e+03
5.478000000000000000e+03
5.479000000000000000e+03
5.480000000000000000e+03
5.485000000000000000e+03
5.489000000000000000e+03
5.490000000000000000e+03
5.497000000000000000e+03
5.498000000000000000e+03
5.499000000000000000e+03
5.502000000000000000e+03
5.503000000000000000e+03
5.512000000000000000e+03
5.513000000000000000e+03
5.521000000000000000e+03
5.532000000000000000e+03
5.533000000000000000e+03
5.534000000000000000e+03
5.535000000000000000e+03
5.542000000000000000e+03
5.552000000000000000e+03
5.553000000000000000e+03
5.562000000000000000e+03
5.564000000000000000e+03
5.569000000000000000e+03
5.585000000000000000e+03
5.589000000000000000e+03
5.591000000000000000e+03
5.598000000000000000e+03
5.602000000000000000e+03
5.626000000000000000e+03
5.631000000000000000e+03
5.638000000000000000e+03
5.639000000000000000e+03
5.642000000000000000e+03
5.644000000000000000e+03
5.648000000000000000e+03
5.649000000000000000e+03
5.655000000000000000e+03
5.662000000000000000e+03
5.672000000000000000e+03
5.673000000000000000e+03
5.674000000000000000e+03
5.681000000000000000e+03
5.687000000000000000e+03
5.693000000000000000e+03
5.709000000000000000e+03
5.710000000000000000e+03
5.718000000000000000e+03
5.721000000000000000e+03
5.734000000000000000e+03
5.735000000000000000e+03
5.738000000000000000e+03
5.739000000000000000e+03
5.741000000000000000e+03
5.746000000000000000e+03
5.748000000000000000e+03
5.751000000000000000e+03
5.754000000000000000e+03
5.759000000000000000e+03
5.764000000000000000e+03
5.777000000000000000e+03
5.786000000000000000e+03
5.798000000000000000e+03
5.805000000000000000e+03
5.808000000000000000e+03
5.818000000000000000e+03
5.823000000000000000e+03
5.829000000000000000e+03
5.830000000000000000e+03
5.831000000000000000e+03
5.834000000000000000e+03
5.835000000000000000e+03
5.838000000000000000e+03
5.848000000000000000e+03
5.851000000000000000e+03
5.856000000000000000e+03
5.858000000000000000e+03
5.860000000000000000e+03
5.862000000000000000e+03
5.869000000000000000e+03
5.873000000000000000e+03
5.882000000000000000e+03
5.886000000000000000e+03
5.890000000000000000e+03
5.892000000000000000e+03
5.895000000000000000e+03
5.896000000000000000e+03
5.897000000000000000e+03
5.898000000000000000e+03
5.903000000000000000e+03
5.906000000000000000e+03
5.915000000000000000e+03
5.925000000000000000e+03
5.927000000000000000e+03
5.930000000000000000e+03
5.934000000000000000e+03
5.935000000000000000e+03
5.941000000000000000e+03
5.945000000000000000e+03
5.950000000000000000e+03
5.954000000000000000e+03
5.955000000000000000e+03
5.956000000000000000e+03
5.958000000000000000e+03
5.960000000000000000e+03
5.961000000000000000e+03
5.962000000000000000e+03
5.966000000000000000e+03
5.970000000000000000e+03
5.972000000000000000e+03
5.973000000000000000e+03
5.977000000000000000e+03
5.980000000000000000e+03
5.982000000000000000e+03
5.987000000000000000e+03
5.988000000000000000e+03
5.999000000000000000e+03
6.001000000000000000e+03
6.002000000000000000e+03
6.005000000000000000e+03
6.008000000000000000e+03
6.014000000000000000e+03
6.016000000000000000e+03
6.019000000000000000e+03
6.021000000000000000e+03
6.023000000000000000e+03
6.029000000000000000e+03
6.033000000000000000e+03
6.034000000000000000e+03
6.041000000000000000e+03
6.048000000000000000e+03
6.051000000000000000e+03
6.052000000000000000e+03
6.054000000000000000e+03
6.058000000000000000e+03
6.061000000000000000e+03
6.062000000000000000e+03
6.067000000000000000e+03
6.068000000000000000e+03
6.070000000000000000e+03
6.080000000000000000e+03
6.082000000000000000e+03
6.088000000000000000e+03
6.090000000000000000e+03
6.092000000000000000e+03
6.095000000000000000e+03
6.103000000000000000e+03
6.109000000000000000e+03
6.111000000000000000e+03
6.121000000000000000e+03
6.125000000000000000e+03
6.128000000000000000e+03
6.129000000000000000e+03
6.135000000000000000e+03
6.136000000000000000e+03
6.138000000000000000e+03
6.143000000000000000e+03
6.148000000000000000e+03
6.150000000000000000e+03
6.157000000000000000e+03
6.159000000000000000e+03
6.169000000000000000e+03
6.171000000000000000e+03
6.178000000000000000e+03
6.180000000000000000e+03
6.185000000000000000e+03
6.186000000000000000e+03
6.187000000000000000e+03
6.189000000000000000e+03
6.190000000000000000e+03
6.192000000000000000e+03
6.196000000000000000e+03
6.200000000000000000e+03
6.202000000000000000e+03
6.204000000000000000e+03
6.205000000000000000e+03
6.210000000000000000e+03
6.211000000000000000e+03
6.212000000000000000e+03
6.213000000000000000e+03
6.214000000000000000e+03
6.215000000000000000e+03
6.216000000000000000e+03
6.231000000000000000e+03
6.236000000000000000e+03
6.243000000000000000e+03
6.244000000000000000e+03
6.247000000000000000e+03
6.249000000000000000e+03
6.256000000000000000e+03
6.273000000000000000e+03
6.280000000000000000e+03
6.281000000000000000e+03
6.283000000000000000e+03
6.298000000000000000e+03
6.300000000000000000e+03
6.303000000000000000e+03
6.304000000000000000e+03
6.313000000000000000e+03
6.315000000000000000e+03
6.316000000000000000e+03
6.321000000000000000e+03
6.325000000000000000e+03
6.326000000000000000e+03
6.327000000000000000e+03
6.329000000000000000e+03
6.344000000000000000e+03
6.345000000000000000e+03
6.347000000000000000e+03
6.348000000000000000e+03
6.350000000000000000e+03
6.362000000000000000e+03
6.365000000000000000e+03
6.371000000000000000e+03
6.383000000000000000e+03
6.389000000000000000e+03
6.391000000000000000e+03
6.399000000000000000e+03
6.404000000000000000e+03
6.409000000000000000e+03
6.410000000000000000e+03
6.414000000000000000e+03
6.421000000000000000e+03
6.424000000000000000e+03
6.427000000000000000e+03
6.435000000000000000e+03
6.437000000000000000e+03
6.465000000000000000e+03
6.466000000000000000e+03
6.472000000000000000e+03
6.473000000000000000e+03
6.480000000000000000e+03
6.483000000000000000e+03
6.485000000000000000e+03
6.492000000000000000e+03
6.494000000000000000e+03
6.496000000000000000e+03
6.504000000000000000e+03
6.510000000000000000e+03
6.513000000000000000e+03
6.515000000000000000e+03
6.519000000000000000e+03
6.522000000000000000e+03
6.523000000000000000e+03
6.525000000000000000e+03
6.526000000000000000e+03
6.530000000000000000e+03
6.533000000000000000e+03
6.534000000000000000e+03
6.538000000000000000e+03
6.539000000000000000e+03
6.541000000000000000e+03
6.544000000000000000e+03
6.546000000000000000e+03
6.552000000000000000e+03
6.555000000000000000e+03
6.557000000000000000e+03
6.560000000000000000e+03
6.561000000000000000e+03
6.565000000000000000e+03
6.566000000000000000e+03
6.568000000000000000e+03
6.570000000000000000e+03
6.576000000000000000e+03
6.578000000000000000e+03
6.581000000000000000e+03
6.583000000000000000e+03
6.586000000000000000e+03
6.587000000000000000e+03
6.588000000000000000e+03
6.600000000000000000e+03
6.606000000000000000e+03
6.607000000000000000e+03
6.608000000000000000e+03
6.609000000000000000e+03
6.610000000000000000e+03
6.611000000000000000e+03
6.621000000000000000e+03
6.622000000000000000e+03
6.623000000000000000e+03
6.644000000000000000e+03
6.646000000000000000e+03
6.649000000000000000e+03
6.669000000000000000e+03
6.672000000000000000e+03
6.679000000000000000e+03
6.680000000000000000e+03
6.681000000000000000e+03
6.682000000000000000e+03
6.685000000000000000e+03
6.695000000000000000e+03
6.709000000000000000e+03
6.712000000000000000e+03
6.716000000000000000e+03
6.717000000000000000e+03
6.720000000000000000e+03
6.725000000000000000e+03
6.726000000000000000e+03
6.734000000000000000e+03
6.735000000000000000e+03
6.738000000000000000e+03
6.745000000000000000e+03
6.747000000000000000e+03
6.751000000000000000e+03
6.753000000000000000e+03
6.756000000000000000e+03
6.770000000000000000e+03
6.784000000000000000e+03
6.786000000000000000e+03
6.787000000000000000e+03
6.789000000000000000e+03
6.791000000000000000e+03
6.797000000000000000e+03
6.798000000000000000e+03
6.799000000000000000e+03
6.801000000000000000e+03
6.810000000000000000e+03
6.818000000000000000e+03
6.825000000000000000e+03
6.835000000000000000e+03
6.838000000000000000e+03
6.841000000000000000e+03
6.846000000000000000e+03
6.851000000000000000e+03
6.853000000000000000e+03
6.854000000000000000e+03
6.858000000000000000e+03
6.861000000000000000e+03
6.871000000000000000e+03
6.878000000000000000e+03
6.891000000000000000e+03
6.897000000000000000e+03
6.898000000000000000e+03
6.909000000000000000e+03
6.913000000000000000e+03
6.915000000000000000e+03
6.919000000000000000e+03
6.920000000000000000e+03
6.921000000000000000e+03
6.923000000000000000e+03
6.926000000000000000e+03
6.927000000000000000e+03
6.945000000000000000e+03
6.947000000000000000e+03
6.958000000000000000e+03
6.959000000000000000e+03
6.970000000000000000e+03
6.971000000000000000e+03
6.977000000000000000e+03
6.979000000000000000e+03
6.981000000000000000e+03
6.982000000000000000e+03
6.983000000000000000e+03
6.985000000000000000e+03
6.992000000000000000e+03
6.994000000000000000e+03
6.996000000000000000e+03
6.999000000000000000e+03
7.002000000000000000e+03
7.004000000000000000e+03
7.008000000000000000e+03
7.009000000000000000e+03
7.018000000000000000e+03
7.020000000000000000e+03
7.024000000000000000e+03
7.026000000000000000e+03
7.027000000000000000e+03
7.029000000000000000e+03
7.034000000000000000e+03
7.035000000000000000e+03
7.037000000000000000e+03
7.045000000000000000e+03
7.046000000000000000e+03
7.047000000000000000e+03
7.053000000000000000e+03
7.060000000000000000e+03
7.066000000000000000e+03
7.067000000000000000e+03
7.069000000000000000e+03
7.071000000000000000e+03
7.074000000000000000e+03
7.084000000000000000e+03
7.085000000000000000e+03
7.090000000000000000e+03
7.092000000000000000e+03
7.093000000000000000e+03
7.094000000000000000e+03
7.106000000000000000e+03
7.112000000000000000e+03
7.114000000000000000e+03
7.128000000000000000e+03
7.137000000000000000e+03
7.138000000000000000e+03
7.141000000000000000e+03
7.144000000000000000e+03
7.146000000000000000e+03
7.148000000000000000e+03
7.149000000000000000e+03
7.150000000000000000e+03
7.151000000000000000e+03
7.161000000000000000e+03
7.163000000000000000e+03
7.173000000000000000e+03
7.174000000000000000e+03
7.179000000000000000e+03
7.182000000000000000e+03
7.185000000000000000e+03
7.195000000000000000e+03
7.196000000000000000e+03
7.203000000000000000e+03
7.208000000000000000e+03
7.210000000000000000e+03
7.218000000000000000e+03
7.223000000000000000e+03
7.225000000000000000e+03
7.236000000000000000e+03
7.237000000000000000e+03
7.240000000000000000e+03
7.245000000000000000e+03
7.246000000000000000e+03
7.251000000000000000e+03
7.255000000000000000e+03
7.256000000000000000e+03
7.265000000000000000e+03
7.270000000000000000e+03
7.275000000000000000e+03
7.280000000000000000e+03
7.286000000000000000e+03
7.291000000000000000e+03
7.293000000000000000e+03
7.297000000000000000e+03
7.299000000000000000e+03
7.308000000000000000e+03
7.311000000000000000e+03
7.314000000000000000e+03
7.315000000000000000e+03
7.319000000000000000e+03
7.326000000000000000e+03
7.333000000000000000e+03
7.341000000000000000e+03
7.343000000000000000e+03
7.346000000000000000e+03
7.349000000000000000e+03
7.351000000000000000e+03
7.352000000000000000e+03
7.355000000000000000e+03
7.357000000000000000e+03
7.369000000000000000e+03
7.379000000000000000e+03
7.384000000000000000e+03
7.392000000000000000e+03
7.396000000000000000e+03
7.397000000000000000e+03
7.398000000000000000e+03
7.399000000000000000e+03
7.403000000000000000e+03
7.404000000000000000e+03
7.405000000000000000e+03
7.406000000000000000e+03
7.410000000000000000e+03
7.416000000000000000e+03
7.417000000000000000e+03
7.424000000000000000e+03
7.425000000000000000e+03
7.426000000000000000e+03
7.427000000000000000e+03
7.429000000000000000e+03
7.432000000000000000e+03
7.433000000000000000e+03
7.440000000000000000e+03
7.444000000000000000e+03
7.445000000000000000e+03
7.454000000000000000e+03
7.455000000000000000e+03
7.457000000000000000e+03
7.462000000000000000e+03
7.471000000000000000e+03
7.473000000000000000e+03
7.475000000000000000e+03
7.480000000000000000e+03
7.485000000000000000e+03
7.503000000000000000e+03
7.510000000000000000e+03
7.511000000000000000e+03
7.515000000000000000e+03
7.522000000000000000e+03
7.524000000000000000e+03
7.533000000000000000e+03
7.534000000000000000e+03
7.546000000000000000e+03
7.550000000000000000e+03
7.551000000000000000e+03
7.552000000000000000e+03
7.553000000000000000e+03
7.556000000000000000e+03
7.557000000000000000e+03
7.561000000000000000e+03
7.563000000000000000e+03
7.564000000000000000e+03
7.565000000000000000e+03
7.567000000000000000e+03
7.568000000000000000e+03
7.573000000000000000e+03
7.576000000000000000e+03
7.577000000000000000e+03
7.580000000000000000e+03
7.582000000000000000e+03
7.587000000000000000e+03
7.588000000000000000e+03
7.599000000000000000e+03
7.609000000000000000e+03
7.615000000000000000e+03
7.617000000000000000e+03
7.619000000000000000e+03
7.622000000000000000e+03
7.623000000000000000e+03
7.632000000000000000e+03
7.636000000000000000e+03
7.644000000000000000e+03
7.646000000000000000e+03
7.650000000000000000e+03
7.653000000000000000e+03
7.657000000000000000e+03
7.665000000000000000e+03
7.670000000000000000e+03
7.672000000000000000e+03
7.682000000000000000e+03
7.685000000000000000e+03
7.691000000000000000e+03
7.697000000000000000e+03
7.700000000000000000e+03
7.710000000000000000e+03
7.715000000000000000e+03
7.721000000000000000e+03
7.724000000000000000e+03
7.726000000000000000e+03
7.727000000000000000e+03
7.733000000000000000e+03
7.737000000000000000e+03
7.742000000000000000e+03
7.743000000000000000e+03
7.745000000000000000e+03
7.749000000000000000e+03
7.750000000000000000e+03
7.751000000000000000e+03
7.756000000000000000e+03
7.757000000000000000e+03
7.762000000000000000e+03
7.770000000000000000e+03
7.772000000000000000e+03
7.780000000000000000e+03
7.783000000000000000e+03
7.793000000000000000e+03
7.795000000000000000e+03
7.799000000000000000e+03
7.802000000000000000e+03
7.804000000000000000e+03
7.805000000000000000e+03
7.807000000000000000e+03
7.817000000000000000e+03
7.823000000000000000e+03
7.824000000000000000e+03
7.826000000000000000e+03
7.835000000000000000e+03
7.839000000000000000e+03
7.840000000000000000e+03
7.843000000000000000e+03
7.845000000000000000e+03
7.846000000000000000e+03
7.856000000000000000e+03
7.858000000000000000e+03
7.859000000000000000e+03
7.863000000000000000e+03
7.866000000000000000e+03
7.872000000000000000e+03
7.873000000000000000e+03
7.874000000000000000e+03
7.875000000000000000e+03
7.878000000000000000e+03
7.883000000000000000e+03
7.891000000000000000e+03
7.894000000000000000e+03
7.905000000000000000e+03
7.909000000000000000e+03
7.912000000000000000e+03
7.928000000000000000e+03
7.929000000000000000e+03
7.937000000000000000e+03
7.938000000000000000e+03
7.940000000000000000e+03
7.942000000000000000e+03
7.943000000000000000e+03
7.948000000000000000e+03
7.950000000000000000e+03
7.954000000000000000e+03
7.956000000000000000e+03
7.958000000000000000e+03
7.968000000000000000e+03
7.974000000000000000e+03
7.976000000000000000e+03
7.977000000000000000e+03
7.982000000000000000e+03
7.983000000000000000e+03
7.984000000000000000e+03
7.993000000000000000e+03
7.994000000000000000e+03
8.002000000000000000e+03
8.003000000000000000e+03
8.004000000000000000e+03
8.013000000000000000e+03
8.019000000000000000e+03
8.021000000000000000e+03
8.037000000000000000e+03
8.038000000000000000e+03
8.041000000000000000e+03
8.047000000000000000e+03
8.048000000000000000e+03
8.059000000000000000e+03
8.062000000000000000e+03
8.063000000000000000e+03
8.068000000000000000e+03
8.071000000000000000e+03
8.072000000000000000e+03
8.078000000000000000e+03
8.079000000000000000e+03
8.081000000000000000e+03
8.083000000000000000e+03
8.094000000000000000e+03
8.095000000000000000e+03
8.102000000000000000e+03
8.115000000000000000e+03
8.116000000000000000e+03
8.117000000000000000e+03
8.119000000000000000e+03
8.126000000000000000e+03
8.133000000000000000e+03
8.139000000000000000e+03
8.142000000000000000e+03
8.151000000000000000e+03
8.155000000000000000e+03
8.159000000000000000e+03
8.160000000000000000e+03
8.167000000000000000e+03
8.171000000000000000e+03
8.177000000000000000e+03
8.186000000000000000e+03
8.189000000000000000e+03
8.192000000000000000e+03
8.199000000000000000e+03
8.200000000000000000e+03
8.201000000000000000e+03
8.206000000000000000e+03
8.207000000000000000e+03
8.213000000000000000e+03
8.216000000000000000e+03
8.223000000000000000e+03
8.224000000000000000e+03
8.230000000000000000e+03
8.235000000000000000e+03
8.241000000000000000e+03
8.258000000000000000e+03
8.261000000000000000e+03
8.267000000000000000e+03
8.269000000000000000e+03
8.270000000000000000e+03
8.271000000000000000e+03
8.275000000000000000e+03
8.276000000000000000e+03
8.278000000000000000e+03
8.285000000000000000e+03
8.291000000000000000e+03
8.297000000000000000e+03
8.301000000000000000e+03
8.325000000000000000e+03
8.330000000000000000e+03
8.335000000000000000e+03
8.338000000000000000e+03
8.340000000000000000e+03
8.345000000000000000e+03
8.346000000000000000e+03
8.353000000000000000e+03
8.355000000000000000e+03
8.363000000000000000e+03
8.368000000000000000e+03
8.372000000000000000e+03
8.374000000000000000e+03
8.383000000000000000e+03
8.385000000000000000e+03
8.386000000000000000e+03
8.388000000000000000e+03
8.394000000000000000e+03
8.395000000000000000e+03
8.403000000000000000e+03
8.408000000000000000e+03
8.412000000000000000e+03
8.422000000000000000e+03
8.427000000000000000e+03
8.445000000000000000e+03
8.448000000000000000e+03
8.450000000000000000e+03
8.463000000000000000e+03
8.464000000000000000e+03
8.465000000000000000e+03
8.466000000000000000e+03
8.477000000000000000e+03
8.483000000000000000e+03
8.495000000000000000e+03
8.497000000000000000e+03
8.498000000000000000e+03
8.501000000000000000e+03
8.504000000000000000e+03
8.508000000000000000e+03
8.512000000000000000e+03
8.516000000000000000e+03
8.529000000000000000e+03
8.530000000000000000e+03
8.536000000000000000e+03
8.543000000000000000e+03
8.568000000000000000e+03
8.570000000000000000e+03
8.577000000000000000e+03
8.589000000000000000e+03
8.590000000000000000e+03
8.591000000000000000e+03
8.594000000000000000e+03
8.602000000000000000e+03
8.617000000000000000e+03
8.622000000000000000e+03
8.623000000000000000e+03
8.626000000000000000e+03
8.630000000000000000e+03
8.631000000000000000e+03
8.634000000000000000e+03
8.635000000000000000e+03
8.637000000000000000e+03
8.639000000000000000e+03
8.642000000000000000e+03
8.643000000000000000e+03
8.644000000000000000e+03
8.645000000000000000e+03
8.650000000000000000e+03
8.655000000000000000e+03
8.662000000000000000e+03
8.663000000000000000e+03
8.666000000000000000e+03
8.678000000000000000e+03
8.680000000000000000e+03
8.684000000000000000e+03
8.685000000000000000e+03
8.690000000000000000e+03
8.698000000000000000e+03
8.700000000000000000e+03
8.706000000000000000e+03
8.712000000000000000e+03
8.716000000000000000e+03
8.718000000000000000e+03
8.723000000000000000e+03
8.727000000000000000e+03
8.729000000000000000e+03
8.740000000000000000e+03
8.747000000000000000e+03
8.748000000000000000e+03
8.749000000000000000e+03
8.759000000000000000e+03
8.762000000000000000e+03
8.764000000000000000e+03
8.766000000000000000e+03
8.774000000000000000e+03
8.777000000000000000e+03
8.779000000000000000e+03
8.784000000000000000e+03
8.796000000000000000e+03
8.800000000000000000e+03
8.801000000000000000e+03
8.806000000000000000e+03
8.807000000000000000e+03
8.809000000000000000e+03
8.815000000000000000e+03
8.816000000000000000e+03
8.817000000000000000e+03
8.820000000000000000e+03
8.823000000000000000e+03
8.824000000000000000e+03
8.828000000000000000e+03
8.831000000000000000e+03
8.841000000000000000e+03
8.844000000000000000e+03
8.847000000000000000e+03
8.848000000000000000e+03
8.850000000000000000e+03
8.853000000000000000e+03
8.854000000000000000e+03
8.858000000000000000e+03
8.862000000000000000e+03
8.865000000000000000e+03
8.875000000000000000e+03
8.877000000000000000e+03
8.883000000000000000e+03
8.891000000000000000e+03
8.892000000000000000e+03
8.894000000000000000e+03
8.895000000000000000e+03
8.897000000000000000e+03
8.910000000000000000e+03
8.920000000000000000e+03
8.932000000000000000e+03
8.934000000000000000e+03
8.937000000000000000e+03
8.944000000000000000e+03
8.948000000000000000e+03
8.951000000000000000e+03
8.958000000000000000e+03
8.965000000000000000e+03
8.967000000000000000e+03
8.969000000000000000e+03
8.987000000000000000e+03
8.995000000000000000e+03
8.997000000000000000e+03
8.999000000000000000e+03
9.004000000000000000e+03
9.013000000000000000e+03
9.016000000000000000e+03
9.018000000000000000e+03
9.023000000000000000e+03
9.027000000000000000e+03
9.029000000000000000e+03
9.030000000000000000e+03
9.031000000000000000e+03
9.032000000000000000e+03
9.039000000000000000e+03
9.042000000000000000e+03
9.044000000000000000e+03
9.047000000000000000e+03
9.048000000000000000e+03
9.050000000000000000e+03
9.060000000000000000e+03
9.068000000000000000e+03
9.070000000000000000e+03
9.072000000000000000e+03
9.073000000000000000e+03
9.074000000000000000e+03
9.085000000000000000e+03
9.088000000000000000e+03
9.091000000000000000e+03
9.093000000000000000e+03
9.095000000000000000e+03
9.100000000000000000e+03
9.101000000000000000e+03
9.102000000000000000e+03
9.103000000000000000e+03
9.104000000000000000e+03
9.108000000000000000e+03
9.111000000000000000e+03
9.116000000000000000e+03
9.120000000000000000e+03
9.123000000000000000e+03
9.125000000000000000e+03
9.126000000000000000e+03
9.130000000000000000e+03
9.131000000000000000e+03
9.135000000000000000e+03
9.140000000000000000e+03
9.150000000000000000e+03
9.151000000000000000e+03
9.160000000000000000e+03
9.166000000000000000e+03
9.168000000000000000e+03
9.171000000000000000e+03
9.196000000000000000e+03
9.212000000000000000e+03
9.214000000000000000e+03
9.217000000000000000e+03
9.222000000000000000e+03
9.225000000000000000e+03
9.229000000000000000e+03
9.230000000000000000e+03
9.246000000000000000e+03
9.248000000000000000e+03
9.252000000000000000e+03
9.254000000000000000e+03
9.260000000000000000e+03
9.263000000000000000e+03
9.264000000000000000e+03
9.265000000000000000e+03
9.269000000000000000e+03
9.271000000000000000e+03
9.272000000000000000e+03
9.281000000000000000e+03
9.284000000000000000e+03
9.289000000000000000e+03
9.292000000000000000e+03
9.297000000000000000e+03
9.298000000000000000e+03
9.309000000000000000e+03
9.317000000000000000e+03
9.319000000000000000e+03
9.323000000000000000e+03
9.328000000000000000e+03
9.334000000000000000e+03
9.335000000000000000e+03
9.339000000000000000e+03
9.342000000000000000e+03
9.348000000000000000e+03
9.364000000000000000e+03
9.365000000000000000e+03
9.368000000000000000e+03
9.370000000000000000e+03
9.374000000000000000e+03
9.375000000000000000e+03
9.376000000000000000e+03
9.379000000000000000e+03
9.381000000000000000e+03
9.382000000000000000e+03
9.383000000000000000e+03
9.384000000000000000e+03
9.386000000000000000e+03
9.397000000000000000e+03
9.408000000000000000e+03
9.411000000000000000e+03
9.413000000000000000e+03
9.424000000000000000e+03
9.426000000000000000e+03
9.428000000000000000e+03
9.432000000000000000e+03
9.433000000000000000e+03
9.443000000000000000e+03
9.444000000000000000e+03
9.448000000000000000e+03
9.459000000000000000e+03
9.461000000000000000e+03
9.462000000000000000e+03
9.463000000000000000e+03
9.464000000000000000e+03
9.471000000000000000e+03
9.477000000000000000e+03
9.487000000000000000e+03
9.491000000000000000e+03
9.494000000000000000e+03
9.495000000000000000e+03
9.498000000000000000e+03
9.503000000000000000e+03
9.508000000000000000e+03
9.513000000000000000e+03
9.516000000000000000e+03
9.517000000000000000e+03
9.519000000000000000e+03
9.536000000000000000e+03
9.538000000000000000e+03
9.548000000000000000e+03
9.552000000000000000e+03
9.553000000000000000e+03
9.557000000000000000e+03
9.561000000000000000e+03
9.562000000000000000e+03
9.567000000000000000e+03
9.568000000000000000e+03
9.576000000000000000e+03
9.578000000000000000e+03
9.580000000000000000e+03
9.583000000000000000e+03
9.589000000000000000e+03
9.598000000000000000e+03
9.601000000000000000e+03
9.606000000000000000e+03
9.607000000000000000e+03
9.608000000000000000e+03
9.619000000000000000e+03
9.620000000000000000e+03
9.623000000000000000e+03
9.624000000000000000e+03
9.631000000000000000e+03
9.635000000000000000e+03
9.638000000000000000e+03
9.640000000000000000e+03
9.666000000000000000e+03
9.669000000000000000e+03
9.679000000000000000e+03
9.683000000000000000e+03
9.685000000000000000e+03
9.699000000000000000e+03
9.703000000000000000e+03
9.707000000000000000e+03
9.720000000000000000e+03
9.721000000000000000e+03
9.728000000000000000e+03
9.730000000000000000e+03
9.739000000000000000e+03
9.740000000000000000e+03
9.751000000000000000e+03
9.756000000000000000e+03
9.758000000000000000e+03
9.759000000000000000e+03
9.760000000000000000e+03
9.769000000000000000e+03
9.771000000000000000e+03
9.772000000000000000e+03
9.776000000000000000e+03
9.777000000000000000e+03
9.782000000000000000e+03
9.784000000000000000e+03
9.791000000000000000e+03
9.792000000000000000e+03
9.795000000000000000e+03
9.798000000000000000e+03
9.811000000000000000e+03
9.812000000000000000e+03
9.813000000000000000e+03
9.820000000000000000e+03
9.825000000000000000e+03
9.832000000000000000e+03
9.837000000000000000e+03
9.843000000000000000e+03
9.844000000000000000e+03
9.855000000000000000e+03
9.858000000000000000e+03
9.859000000000000000e+03
9.868000000000000000e+03
9.870000000000000000e+03
9.875000000000000000e+03
9.885000000000000000e+03
9.887000000000000000e+03
9.890000000000000000e+03
9.892000000000000000e+03
9.895000000000000000e+03
9.902000000000000000e+03
9.933000000000000000e+03
9.936000000000000000e+03
9.941000000000000000e+03
9.946000000000000000e+03
9.949000000000000000e+03
9.952000000000000000e+03
9.953000000000000000e+03
9.961000000000000000e+03
9.968000000000000000e+03
9.976000000000000000e+03
9.981000000000000000e+03
9.984000000000000000e+03
9.988000000000000000e+03
9.994000000000000000e+03
